0   0
-0.0039700279915000002626   0.0079880598855600008085
-0.007880223863999998718   0.015952239128960002401
-0.011730755311500001836   0.023892537210360002137
-0.015521789823999999555   0.031808953743359999478
-0.019253494687500000843   0.039701488475000004663
-0.022926036983999996399   0.047570141285760002281
-0.026539583591500000292   0.055414912189560003308
-0.030094301183999999649   0.063235801333760000009
-0.033590356231500001494   0.071032808999160007568
-0.037027915000000001522   0.078805935600000015517
-0.040407143551500004919   0.086555181683960008554
-0.04372820774400001248   0.094280547932160035929
-0.046991273231500006735   0.10198203515916003103
-0.050196505464000014396   0.10965964431296003345
-0.053344069687500023091   0.11731337647500005017
-0.056434130944000023   0.12494323286016006946
-0.059466854071500027668   0.13254921481676004702
-0.062442403704000025433   0.14013132382656004471
-0.065360944271500021063   0.14768956150476006406
-0.068222640000000028815   0.15522392960000008788
-0.071027654911500037738   0.16273442999436010803
-0.073776152824000032493   0.1702210647033601254
-0.076468297351500028047   0.17768383587596009443
-0.079104251904000028039   0.18512274579456006185
-0.081684179687500038658   0.19253779687500008344
-0.084208243704000040886   0.19992899166656011301
-0.086676606751500046011   0.20729633285196014114
-0.089089431424000026238   0.21463982324736013974
-0.09144688011150003959   0.22195946580236014523
-0.093749115000000049491   0.22925526360000017534
-0.095996298071500063553   0.23652721985676011807
-0.098188591104000050303   0.24377533792256012024
-0.1003261556715000502   0.25099962128076014345
-0.10240915314400003688   0.25820007354816015832
-0.10443774468750005591   0.26537669847500022779
-0.10641209126400003049   0.27252949994496017405
-0.10833235363150005293   0.27965848197516018914
-0.11019869234400003766   0.28676364871616016883
-0.11201126775150004045   0.29384500445196015672
-0.11377024000000002246   0.3009025536000001777
-0.11547576903150005845   0.30793630071116018243
-0.11712801458400005916   0.31494625046976021387
-0.11872713619150004893   0.32193240769356024078
-0.12027329318400004077   0.32889477733376015767
-0.12176664468750006409   0.33583336447500017341
-0.12320734962400003987   0.34274817433536020062
-0.12459556671150005813   0.34963921226636029971
-0.12593145446400003107   0.35650648375296023485
-0.12721517119150002606   0.36334999441356019556
-0.12844687500000004365   0.37016975000000024165
-0.12962672379150003144   0.37696575639756019216
-0.13075487526400003668   0.3837380196249602915
-0.13183148691150003984   0.39048654583436021026
-0.13285671602400003777   0.39721134131136021095
-0.13383071968750004377   0.40391241247500025979
-0.13475365478400003205   0.41058976587776030431
-0.13562567799150004877   0.41724340820556027332
-0.13644694578400001772   0.42387334627776024343
-0.13721761443150004567   0.43047958704716027256
-0.13793784000000003376   0.4370621376000002889
-0.13860777835150003834   0.44362100515596031292
-0.13922758514400002117   0.45015619706816023537
-0.13979741583150001594   0.45666772082316031689
-0.14031742566400001726   0.46315558404096024425
-0.14078776968749998066   0.46961979447500035167
-0.14120860274399998913   0.47606036001216023301
-0.14158007947150000327   0.48247728867276024056
-0.14190235430400000016   0.48887058861056031933
-0.14217558147150002879   0.4952402681127603401
-0.14239991500000001579   0.50158633560000032148
-0.14257550871150001526   0.50790879962636026335
-0.1427025162239999867   0.51420766887936031342
-0.14278109095149996155   0.52048295217996032314
-0.14281138610399995992   0.52673465848256029176
-0.14279355468750001834   0.53296279687500036637
-0.14272774950399996774   0.53916737657856028676
-0.14261412315149998853   0.54534840694796038463
-0.14245282802399997224   0.55150589747136025132
-0.14224401631149993785   0.55763985777036029212
-0.14198783999999994854   0.563750297600000283
-0.1416844508714999451   0.56983722684876025877
-0.14133400050399996806   0.57590065553856029101
-0.14093664027149993556   0.58194059382476037712
-0.14049252134399994874   0.58795705199616032921
-0.14000179468749998635   0.59395004047500032929
-0.13946461106399993257   0.5999195698169603741
-0.13888112103149996557   0.60586565071116038617
-0.13825147494399994685   0.61178829398016032481
-0.13757582295149992091   0.61768751057996040821
-0.13685431499999994864   0.6235633116000003362
-0.1360871008314999131   0.62941570826316040055
-0.1352743299839999358   0.63524471192576048573
-0.1344161517914999604   0.64105033407756029096
-0.13351271538399989147   0.64683258634176032942
-0.13256416968749987206   0.65259148047500037393
-0.13157066342399989511   0.65832702836736034513
-0.13053234511149991448   0.6640392420423604225
-0.12944936306399990045   0.66972813365696026722
-0.12832186539149989524   0.6753937155015603544
-0.12714999999999987423   0.68103600000000030779
-0.12593391459149988476   0.68665499970956034304
-0.12467375666399987955   0.69225072732096037953
-0.12336967351149986938   0.69782319565836026243
-0.12202181222399985372   0.7033724176793604288
-0.12063031968749987621   0.70889840647500024229
-0.11919534258399989979   0.71440117526976032458
-0.11771702739149988992   0.71988073742156033497
-0.11619552038399982852   0.72533710642176041361
-0.11463096763149985269   0.73077029589516040442
-0.11302351499999983842   0.73618031960000029912
-0.11137330815149983076   0.74156719142796045929
-0.10968049254399983572   0.74693092540416028413
-0.10794521343149984793   0.75227153568716031984
-0.1061676158639998091   0.75758903656896037226
-0.10434784468749977449   0.76288344247500039508
-0.10248604454399981578   0.76815476796416048977
-0.10058235987149979906   0.77340302772876046156
-0.098636934903999815005   0.77862823659456037451
-0.096649913671499776413   0.78383040952076032948
-0.094621439999999792936   0.78900956160000035311
-0.092551657511499768605   0.79416570805836050884
-0.09044070962399980429   0.79929886425536056382
-0.088288739551499739733   0.80440904568396054408
-0.086095890303999750293   0.80949626797056051242
-0.083862304687499805711   0.81456054687500023537
-0.081588125303999781135   0.81960189829056040445
-0.079273494551499776306   0.82462033824396030468
-0.076918554623999768616   0.82961588289536025709
-0.074523447511499793516   0.83458854853836028642
-0.072088314999999777988   0.83953835160000034321
-0.069613298671499707071   0.8444653086407605258
-0.067098539903999748768   0.84936943635456030322
-0.064544179871499754442   0.85425075156876051352
-0.06195035954399973066   0.85910927124416036627
-0.059317219687499769809   0.86394501247500044006
-0.056644900863999758656   0.86875799248896046212
-0.053933543431499753051   0.87354822864716041853
-0.051183287543999755886   0.87831573844416044317
-0.048394273151499717089   0.88306053950796026264
-0.045566639999999727917   0.88778264960000030648
-0.042700527631499757275   0.89248208661516037488
-0.039796075383999707231   0.89715886858176041585
-0.036853422391499690569   0.90181301366156041421
-0.033872707583999656089   0.90644454014976028056
-0.030854069687499680041   0.91105346647500029533
-0.02779764722399968857   0.91563981119936022068
-0.024703578511499638126   0.92020359301836041066
-0.02157200166399966812   0.92474483076096047895
-0.018403054591499684589   0.92926354338956040912
-0.015196874999999623879   0.93375975000000044357
-0.011953600391499619171   0.93823346982156019536
-0.0086733680639996257877   0.94268472221696042457
-0.0053563151114996293556   0.94711352668236026275
-0.0020025784239996319291   0.95151990284736032155
0.0013877053125004173983   0.95590387047500047224
0.0048143996160004282059   0.96026544946176040085
0.008277368208500349156   0.96460465983756038533
0.011776475016000390039   0.96892152176576029632
0.015311584168500438907   0.97321605554316037434
0.01888256000000039514   0.9774882816000003416
0.022489267048500405366   0.98173822049996029016
0.0261315700560004055   0.9859658929401604599
0.029809333968500467682   0.99017131975116035036
0.033522423936000411704   0.99435452189696038605
0.03727070531250047114   0.99851552047500036213
0.041054043656000488438   1.0026543367161602216
0.044872304728500497784   1.0067709919847604993
0.048725354496000475302   1.0108655077785602128
0.052613059128500519468   1.0149379057287604144
0.056535285000000476408   1.0189882076000003064
0.060491898688500550518   1.0230164352903603486
0.064482766976000499559   1.0270226108313602609
0.068507756848500467317   1.0310067563879603547
0.07256673549600052564   1.0349688942585602014
0.076659570312500563416   1.0389090468750001861
0.080786128896000522492   1.0428272368025603978
0.084946279048500536457   1.046723486739960407
0.089139888776000542059   1.0505978195193605984
0.093366826288500584519   1.0544502581063603941
0.097626960000000553852   1.0582808256000002523
0.10192015852850053181   1.0620895452327603348
0.10624629069600055598   1.0658764403705605073
0.11060522552850061972   1.0696415345127603391
0.11499683225600060288   1.0733848512921604357
0.11942098031250059087   1.0771064144750002178
0.12387753933600054168   1.0808062479609601425
0.12836637916850060503   1.0844843757831603703
0.13288736985600066443   1.0881408221081603216
0.13744038164850064243   1.0917756112359604526
0.14202528500000066725   1.0953887676000004792
0.1466419505685006841   1.0989803157671604872
0.15129024921600064957   1.1025502804377602661
0.1559700520085006703   1.1060986864455604195
0.16068123021600067002   1.1096255587577603663
0.16542365531250069477   1.1131309224750003395
0.17019719897600071867   1.1166148028313602758
0.17500173308850064391   1.1200772251943604818
0.17983712973600071705   1.1235182150649605237
0.18470326120850075191   1.1269377980775603376
0.18960000000000074016   1.1303360000000002294
0.19452721880850076808   1.1337128467335604309
0.19948479053600076671   1.1370683643129604334
0.20447258828850078949   1.1404025789063603202
0.20949048537600079012   1.1437155168153603224
0.21453835531250078916   1.1470072044750001528
0.21961607181600079075   1.150277668453760338
0.2247235088085008381   1.1535269354535604425
0.22986054041600081921   1.1567550323097606224
0.23502704096850079996   1.1599619859911602937
0.24022288500000080202   1.1631478236000003523
0.24544794724850088619   1.1663125723719605098
0.25070210265600090249   1.1694562596761604034
0.25598522636850079559   1.1725789130151602624
0.26129719373600085452   1.1756805600249602417
0.26663788031250090782   1.1787612284750004221
0.2720071618560008786   1.1818209462681603661
0.27740491432850089559   1.184859741440760672
0.28283101389600084907   1.1878776421625603099
0.28828533692850094594   1.1908746767367603958
0.29376776000000093259   1.1938508736000004173
0.29927815988850092754   1.196806261322360454
0.30481641357600097741   1.199740868607360289
0.31038239824850100135   1.2026547242919605196
0.31597599129600101309   1.2055478573465603365
0.32159707031250100995   1.2084202968750004104
0.32724551309600097282   1.2112720721145602276
0.3329211976485010327   1.2141032124359605326
0.33862400217600102659   1.2169137473433602192
0.34435380508850099712   1.2197037064743603274
0.35011048500000102601   1.2224731196000004907
0.35589392072850101201   1.2252220166247604904
0.36170399129600100396   1.2279504275865604779
0.36754057592850103431   1.2306583826567600859
0.37340355405600100802   1.2333459121401602054
0.37929280531250114672   1.236013046475000321
0.38520820953600098946   1.2386598162329602868
0.39114964676850105807   1.2412862521191603271
0.3971169972560010808   1.2438923849721605919
0.40311014144850121355   1.2464782457639604907
0.40912896000000115171   1.2490438656000002471
0.41517333376850112936   1.2515892757191602325
0.42124314381600108659   1.2541145074937602999
0.42733827140850111359   1.2566195924295604502
0.4334585980160011176   1.2591045621657601661
0.43960400531250121148   1.2615694484750004101
0.44577437517600121408   1.2640142832633602943
0.45196958968850126093   1.2664390985703604109
0.45818953113600119353   1.2688439265689601676
0.46443408200850117007   1.2712287995655602302
0.47070312500000094369   1.2735937500000000799
0.47699654300850108379   1.2759388104455606783
0.48331421913600114415   1.2782640136089600258
0.48965603668850121721   1.2805693923303604898
0.49602187917600104594   1.2828549795833601443
0.50241163031250113402   1.2851208084750005423
0.50882517401600124707   1.2873669122457602754
0.51526239440850107876   1.2895933242695605259
0.52172317581600102798   1.2918000780537601813
0.52820740276850119965   1.2939872072391604974
0.53471496000000118265   1.2961547455999999912
0.54124573244850116005   1.2983027270439606582
0.54779960525600113197   1.3004311856121599789
0.55437646376850102659   1.3025401554791604664
0.56097619353600125525   1.3046296709529601188
0.56759868031250115816   1.3066997664750006347
0.57424381005600122485   1.3087504766201600859
0.58091146892850131778   1.3107818360967606885
0.58760154329600111645   1.3127938797465601439
0.59431391972850122762   1.3147866425447607419
0.60104848500000118694   1.3167601596000002573
0.60780512608850134626   1.3187144661543606095
0.61458373017600131938   1.3206495975833600909
0.62138418464850131429   1.3225655893959604725
0.62820637709600124499   1.3244624772345601205
0.63505019531250139764   1.3263402968750004352
0.6419155272960012093   1.3281990842265600783
0.64880226124850137737   1.330038875331960524
0.65571028557600130604   1.3318597063673598413
0.66263948888850132679   1.3336616136423606882
0.66958976000000125506   1.3354446336000000972
0.67656098792850138945   1.3372088028167607998
0.6835530618960011795   1.3389541580025601242
0.69056587132850144606   1.3406807360007604313
0.69759930585600127273   1.3423885737881602331
0.7046532553125013365   1.34407770847500041
0.71172760973600146528   1.3457481773049602136
0.71882225936850141501   1.3474000176551603758
0.72593709465600131381   1.3490332670361599998
0.73307200624850143988   1.3506479630919603352
0.74022688500000133338   1.3522441436000001147
0.74740162196850157272   1.3538218464711604394
0.75459610841600133213   1.3553811097497598936
0.76181023580850149024   1.3569219716135605402
0.7690438958160016325   1.3584444703737599269
0.77629698031250149448   1.3599486444750006342
0.78356938137600140593   1.3614345324953600613
0.79086099128850162465   1.3629021731463604183
0.79817170253600133734   1.3643516052729600663
0.80550140780850165712   1.3657828678535604006
0.81285000000000162679   1.3671959999999998558
0.82021737220850143846   1.3685910409575607893
0.82760341773600154536   1.3699680301049599329
0.8350080300885014406   1.3713270069543603835
0.84243110297600154457   1.3726680111513600568
0.84987253031250176161   1.3739910824750005691
0.85733220621600159106   1.3752962608377599096
0.86481002500850157055   1.3765835862855606564
0.87230588121600149965   1.3778530989977599841
0.87981966956850166106   1.3791048392871605444
0.88735128500000159946   1.3803388476000000296
0.8949006226485015647   1.3815551645159604988
0.90246757785600173474   1.38275383074815994
0.91005204616850177146   1.3839348871431602639
0.91765392333600170893   1.3850983746809597541
0.92527310531250184233   1.3862443344750006169
0.93290948825600172878   1.3873728077721598773
0.94056296852850163059   1.3884838359527604812
0.94823344269600173817   1.3895774605305599714
0.95592080752850172587   1.3906537231527602572
0.96362496000000152918   1.391712665599999843
0.97134579728850178881   1.3927543297863604899
0.97908321677600174127   1.3937787577593598876
0.98683711604850210541   1.3947859916999605367
0.99460739289600164081   1.3957760739225599789
1.0023939453125019217   1.3967490468750003441
1.0101966714960017857   1.3977049531385601355
1.0180154698485019971   1.3986438354279604468
1.0258502389760018048   1.3995657365913596326
1.0337008776885019401   1.4004706996103601924
1.0415672850000017302   1.4013587675999998883
1.0494493601285022066   1.4022299838087604051
1.0573470024960018865   1.4030843916185595788
1.0652601117285021015   1.4039220345447604998
1.073188587656001669   1.4047429562361597455
1.081132330312502221   1.40554720047500048
1.0890912399360019869   1.4063348111769600202
1.0970652169685020105   1.4071058323911604937
1.1050541620560017098   1.4078603083001599572
1.1130579760485019847   1.4085982832199603898
1.1210765600000018871   1.4093198016000001438
1.1291098151685019513   1.4100249080231603838
1.1371576430160019733   1.4107136472057599796
1.1452199452085023434   1.4113860639975603917
1.1532966236160020479   1.4120422033817598972
1.1613875803125019992   1.4126821104750004743
1.1694927175760019278   1.4133058305273595856
1.1776119378885021582   1.4139134089223603929
1.1857451439360020551   1.4145048911769597666
1.1938922386085022431   1.4150803229415602758
1.202053125000001943   1.4156397499999995304
1.2102277064085020797   1.4161832182695603954
1.2184158863360021741   1.4167107738009598883
1.2266175684885021191   1.4172224627783602813
1.2348326567760019579   1.4177183315193595536
1.2430610553125023277   1.4181984264750004954
1.2513026684160020174   1.418662794229759827
1.2595574006085024088   1.4191114815015601902
1.2678251566160021468   1.4195445351417597113
1.2761058413685024693   1.4199620021351602173
1.2843993600000023214   1.4203639295999994641
1.292705617848502353   1.4207503647879602404
1.3010245204560020316   1.4211213550841597097
1.3093559735685025291   1.4214769480071605123
1.3176998831360020592   1.4218171912089596631
1.326056155312502316   1.4221421324750003201
1.3344246964560020352   1.4224518197241597939
1.3428054131285025452   1.4227463010087604278
1.3511982120960022158   1.4230256245145596061
1.3596030003285022314   1.4232898385607604119
1.3680196850000019282   1.4235389915999996369
1.3764481734885025688   1.4237731322183604377
1.3848883733760022352   1.4239923091353599016
1.3933401924485024903   1.4241965712039603709
1.4018035386960021604   1.4243859674105596724
1.4102783203125026645   1.4245605468750004441
1.418764445696002241   1.4247203588505596983
1.4272618234485023869   1.4248654527239603684
1.4357703623760023071   1.4249958780153599847
1.4442899714885024665   1.4251116843783604438
1.4528205600000023701   1.4252129216000000156
1.4613620373285027831   1.4252996396007604485
1.4699143130960021786   1.4253718884345594198
1.4784772971285029541   1.4254297182887603057
1.4870508994560021065   1.425473179484159747
1.4956350303125023338   1.4255023224750003052
1.504229600136002265   1.425517197848959583
1.5128345195685029001   1.4255178563271602155
1.5214496994560025023   1.4255043487641594346
1.5300750508485023715   1.4254767261479603935
1.5387104850000021816   1.4254350395999995094
1.5473559133685028666   1.4253793403751602309
1.556011247616002402   1.4253096798617597152
1.5646763996085026882   1.4252261095815601522
1.5733512814160022231   1.4251286811897596607
1.5820358053125029851   1.4250174464750000602
1.5907298837760024401   1.4248924573593595433
1.5994334294885030889   1.4247537658983602249
1.6081463553360020313   1.424601424280959705
1.6168685744085029565   1.4244354848295603944
1.6256000000000023764   1.4242559999999995224
1.6343405456085029481   1.4240630223815602395
1.6430901249360023719   1.4238566046969594048
1.651848651888502939   1.4236367998023600201
1.6606160405760024279   1.4234036606873594621
1.6693922053125027638   1.4231572404750001404
1.6781770606160024695   1.422897592421759505
1.6869705212085028823   1.4226247699175602612
1.695772502016002381   1.4223388264857594887
1.7045829181685032694   1.4220398157831601882
1.7134016850000026722   1.421727791599999513
1.7222287180485029712   1.4214028078599600935
1.7310639330560027016   1.4210649186201593785
1.7399072459685029912   1.420714178071160072
1.7487585729360022313   1.4203506405369594745
1.7576178303125029601   1.4199743604749999193
1.7664849346560025367   1.4195853924761594467
1.7753598027285031336   1.4191837912647602415
1.7842423514960026321   1.4187696116985595296
1.7931324981285028386   1.4183429087687600134
1.802030160000002823   1.4179037375999996584
1.8109352546885029156   1.4174521534503601305
1.8198476999760027084   1.4169882117113594688
1.828767413848503276   1.416511967907960301
1.8376943144960025123   1.4160234776985594074
1.8466283203125033463   1.4155227968749999334
1.85556934989600264   1.4150099813625596212
1.8645173220485031784   1.4144850872199601355
1.8734721557760027899   1.4139481706393592919
1.8824337702885034496   1.4133992879463601611
1.8914020850000028418   1.412838495599999078
1.9003770195285032418   1.412265850192760297
1.9093584936960028564   1.4116814084505593385
1.9183464275285033729   1.4110852272327598644
1.9273407412560024099   1.4104773635321596892
1.9363413553125035094   1.4098578744750001057
1.9453481903360028138   1.4092268173209592241
1.9543611671685032771   1.4085842494631599653
1.9633802068560026743   1.4079302284281594027
1.9724052306485035935   1.4072648118759598646
1.9814361600000027774   1.4065880575999993862
1.9904729165685033365   1.4059000235271601476
1.9995154222160027579   1.4052007677177593692
2.008563599008503342   1.4044903483655599707
2.017617369216002654   1.4037688237977592465
2.0266766553125035166   1.4030362524750001896
2.0357413799760024631   1.4022926929913592797
2.0448114660885030602   1.4015382040743598058
2.0538868367360025857   1.4007728445849592092
2.0629674152085035743   1.3999966735175601862
2.0720531250000027157   1.3992097499999993637
2.081143889808503733   1.3984121332935597337
2.090239633536002728   1.3976038827929593289
2.0993402802885032798   1.3967850580263598825
2.1084457543760026788   1.3959557186553592789
2.1175559803125034719   1.3951159244750002131
2.1266708828160032496   1.3942657354137590886
2.135790386808503527   1.3934052115335600064
2.1449144174160030829   1.3925344130297592216
2.1540428999685032885   1.3916534002311600204
2.1631757600000032227   1.3907622335999993979
2.1723129232485036688   1.3898609737319600477
2.1814543156560026738   1.3889496813561592603
2.1905998633685035415   1.3880284173351600252
2.1997494927360028427   1.3870972426649592624
2.2089031303125032935   1.3861562184750000348
2.2180607028560026528   1.3852054060281593362
2.227222137328503937   1.3842448667207598589
2.2363873608960029848   1.3832746620825591144
2.245556300928504001   1.3822948537767598687
2.2547288850000031246   1.3813055035999992626
2.2639050408885035282   1.3803066734823596917
2.2730846965760029832   1.3792984254873590366
2.2822677802485036302   1.3782808218119597665
2.2914542202960035411   1.3772539247865593914
2.3006439453125038241   1.3762177968749997881
2.3098368840960032955   1.3751725006745592061
2.3190329656485033638   1.374118098915959818
2.3282321191760031454   1.3730546544633592809
2.3374342740885039049   1.3719822303143596187
2.3466393600000028385   1.3709008895999992284
2.3558473067285037317   1.3698106955847597632
2.3650580442960031924   1.3687117116665592498
2.3742715029285039741   1.3676040013767598591
2.3834876130560034291   1.3664876283801592471
2.3927063053125037229   1.3653626564750001027
2.4019275105360033962   1.3642291495929592671
2.4111511597685035824   1.3630871717991599468
2.4203771842560031224   1.3619367872921590568
2.429605515448503894   1.3607780604039598771
2.438836085000003262   1.3596110555999989522
2.4480688247685038483   1.3584358374791594137
2.4573036668160028739   1.357252470773759212
2.4665405434085037051   1.3560610203495597759
2.4757793870160034189   1.3548615512057591292
2.4850201303125039054   1.3536541284749996628
2.4942627061760034302   1.3524388174233590298
2.5035070476885037394   1.3512156834503596947
2.5127530881360033987   1.3499847920889589403
2.5220007610085040106   1.3487462090055599706
2.5312500000000035527   1.347499999999999476
2.5405007390085025953   1.3462462310055594017
2.5497529121360029691   1.3449849680889596204
2.5590064536885028801   1.3437162774503592644
2.5682612981760031268   1.3424402254233593901
2.5775173803125031036   1.3411568784749996475
2.5867746350160030211   1.3398663032057593902
2.5960329974085034621   1.3385685663495594522
2.6052924028160036052   1.3372637347737592606
2.6145527867685034451   1.3359518754791595008
2.6238140850000029047   1.3346330555999994516
2.6330762334485031673   1.33330734240395965
2.6423391682560031235   1.3319748032921594483
2.6516028257685038128   1.330635505799159457
2.6608671425360030938   1.3292895175929593243
2.6701320553125036383   1.3279369064749992901
2.6793975010560036054   1.3265777403801595202
2.6886634169285033025   1.325212087376759218
2.6979297402960034091   1.3238400156665597329
2.7071964087285032008   1.3224615935847594539
2.7164633600000032132   1.32107688959999936
2.725730532088503022   1.3196859723143594678
2.7349978631760034631   1.3182889104633597199
2.7442652916485035242   1.3168857729159593184
2.7535327560960030091   1.3154766286745593895
2.7628001953125034262   1.3140615468749996531
2.7720675482960031033   1.3126405967865593105
2.7813347542485029606   1.3112138478119592655
2.7906017525760038467   1.3097813694873594592
2.7998684828885029852   1.3083432314823593146
2.8091348850000033011   1.3068995035999995125
2.8184008989285032065   1.3054502557767593274
2.8276664648960037063   1.3039955580825595138
2.8369315233285035127   1.3025354807207594199
2.8461960148560030426   1.3010700940281596516
2.8554598803125035289   1.2995994684749994086
2.8647230607360030241   1.2981236746649593705
2.8739854973685030615   1.2966427833351592547
2.8832471316560028818   1.2951568653561591482
2.8925079052485038744   1.2936659917319595081
2.9017677600000038041   1.2921702335999993849
2.9110266379685034721   1.2906696622311595313
2.920284481416003608   1.2891643490297592933
2.9295412328085030929   1.2876543655335592753
2.9387968348160038445   1.286139783413759341
2.9480512303125037121   1.2846206744749992801
2.9573043623760031373   1.283097110655359252
2.9665561742885038221   1.281569164026359342
2.9758066095360038439   1.2800369067929593392
2.9850556118085034285   1.2785004112935594023
2.994303125000003174   1.2769597499999991719
3.0035490932085036064   1.2754149955175593245
3.0127934607360034036   1.2738662205849591302
3.0220361720885038359   1.2723134980743591171
3.0312771719760034372   1.270756900991359295
3.0405164053125037782   1.2691965024749993773
3.0497538172160032488   1.2676323757977594475
3.0589893530085037199   1.2660645943655590706
3.0682229582160038817   1.2644932317177595138
3.0774545785685036847   1.2629183615271593055
3.0866841600000034518   1.2613400575999991204
3.0959116486485034336   1.2597583938759591149
3.105136990856003365   1.258173444428159371
3.1143601331685033529   1.2565852834631592305
3.1235810223360038762   1.2549939853209592933
3.1327996053125035658   1.2533996244749991966
3.142015829256003645   1.2518022755321591699
3.151229641528503933   1.2502020132327591462
3.1604409896960037329   1.2485989124505594283
3.1696498215285036082   1.2469930481927593569
3.1788560850000036062   1.2453844955999993083
3.1880597282885037025   1.2437733299463591408
3.1972606997760038006   1.2421596266393590824
3.2064589480485041761   1.240543461219959287
3.2156544218960032566   1.23892490936255939
3.2248470703125038384   1.237304046874999397
3.2340368424960037608   1.2356809496985592389
3.2432236878485039   1.2340556939079592169
3.2524075559760037279   1.2324283557113595577
3.2615883966885039769   1.2307990114503595258
3.2707661600000039748   1.2291677375999991995
3.27994079612850431   1.2275346107687590269
3.2891122554960041668   1.2258997076985593822
3.2982804887285039896   1.2242631052647592327
3.307445446656004151   1.2226248804761592481
3.3166070803125040634   1.2209851104749991357
3.3257653409360035113   1.2193438725369594167
3.3349201799685044278   1.2177012440711592056
3.3440715490560037892   1.2160573026201593194
3.3532194000485038288   1.2144121258599591684
3.3623636850000035992   1.2127657915999991989
3.3715043561685034135   1.2111183777831593389
3.3806413660160035128   1.2094699624857589981
3.3897746672085036224   1.2078206239175592884
3.3989042126160033952   1.206170440421759249
3.4080299553125033007   1.2045194904749991771
3.4171518485760037365   1.2028678526873592958
3.4262698458885036956   1.2012156058023590877
3.4353839009360038759   1.1995628286969592935
3.4444939676085035707   1.1979096003815590255
3.453600000000003778   1.1962559999999990978
3.4627019524085036473   1.1946021068295591405
3.4717997793360035885   1.1929480002809591532
3.4808934354885039397   1.1912937598983592835
3.4899828757760045228   1.1896394653593591606
3.4990680553125041996   1.1879851964749994497
3.5081489294160035364   1.1863310331897594097
3.5172254536085039156   1.1846770555815591131
3.5262975836160044274   1.1830233438617590025
3.5353652753685036458   1.1813699783751592243
3.5444284850000036258   1.1797170395999991843
3.5534871688485036856   1.1780646081479591025
3.5625412834560048481   1.1764127647641593466
3.5715907855685040673   1.1747615903271593218
3.5806356321360039985   1.1731111658489590255
3.5896757803125036723   1.1714615724749992687
3.5987111874560042679   1.1698128914841592341
3.6077418111285037838   1.1681652042887593623
3.6167676090960041435   1.1665185924345591317
3.6257885393285045339   1.1648731376007592786
3.63480456000000407   1.1632289215999991328
3.6438156294885040154   1.1615860263783592821
3.6528217063760033412   1.15994453401535913
3.6618227494485036111   1.1583045267239593379
3.6708187176960036524   1.1566660868505591608
3.6798095703125039968   1.1550292968749991118
3.6887952666960037718   1.1533942394105594076
3.6977757664485038092   1.1517609972039590804
3.7067510293760035367   1.1501296531353593089
3.7157210154885040865   1.1485002902183594209
3.7246856850000042982   1.1468729915999991142
3.7336449983285038279   1.1452478405607591228
3.7425989160960044799   1.1436249205145589958
3.751547399128503546   1.1420043150087593187
3.7604904084560035749   1.1403861077241592703
3.7694279053125048229   1.1387703824749992876
3.7783598511360043659   1.1371572232089592891
3.7872862075685036487   1.1355467140071591192
3.7962069364560040441   1.1339389390841594363
3.8051219998485037443   1.1323339827879592701
3.8140313600000039784   1.1307319295999991304
3.8229349793685036829   1.129132864135159231
3.8318328206160039429   1.1275368711417592671
3.8407248466085044392   1.1259440355015590818
3.8496110204160038926   1.1243544422297591101
3.8584913053125040605   1.1227681764749992688
3.8673656647760044081   1.1211853235193591782
3.8762340624885038842   1.1196059687783592729
3.8850964623360044747   1.1180301978009590247
3.8939528284085040966   1.1164580962695593858
3.9028031250000041474   1.1148897499999992355
3.9116473166085041768   1.1133252449415591556
3.9204853679360045504   1.1117646671769592093
3.9293172438885042297   1.1102081029223591635
3.9381429095760038805   1.1086556385273591552
3.946962330312504541   1.1071073604749992469
3.9557754716160040687   1.1055633553817592052
3.9645822992085042458   1.1040237099975591661
3.9733827790160041182   1.1024885112057591918
3.9821768771685044364   1.10095784602315927
3.990964560000003658   1.0994318015999990923
3.9997457940485041661   1.0979104652199591641
4.0085205460560047186   1.0963939243001592505
4.0172887829685040018   1.0948822663911592645
4.0260504719360037384   1.0933755791769592669
4.0348055803125042473   1.0918739504749992442
4.0435540756560044429   1.0903774682361591086
4.0522959257285044998   1.0888862205447591425
4.061031098496004077   1.0874002956185593316
4.0697595621285049816   1.0859197818087591436
4.078481285000004064   1.0844447675999990821
4.0871962356885038758   1.0829753416103593544
4.0959043829760046762   1.0815115925913592054
4.1046056958485035437   1.0800536094279591381
4.1133001434960041465   1.0786014811385591372
4.1219876953125043073   1.077155296874999113
4.1306683208960039977   1.0757151459225593459
4.1393419900485044494   1.0742811176999591538
4.1480086727760046017   1.0728533017593593346
4.1566683392885046544   1.0714317877863592798
4.1653209600000051793   1.070016665599999417
4.1739665055285044559   1.0686080251527592111
4.1826049466960046885   1.0672059565305593853
4.1912362545285049009   1.0658105499527592563
4.199860400256004489   1.0644218957721591767
4.2084773553125049972   1.0630400844749992029
4.2170870913360047894   1.0616652066809593169
4.2256895801685043779   1.0602973531431594267
4.2342847938560046472   1.0589366147481593661
4.2428727046485033014   1.0575830825159591164
4.2514532850000037456   1.0562368475999992512
4.260026507568504428   1.0548980012871591594
4.2685923452160041691   1.053566634997759488
4.2771507710085039378   1.0522428402855592555
4.2857017582160041869   1.0509267088377591826
4.2942452803125048533   1.0496183324749992494
4.3027813109760044696   1.0483178031513591399
4.3113098240885037171   1.0470252129543593522
4.319830793736003649   1.0457406541049591997
4.3283441942085039145   1.0444642189575592539
4.3368500000000036465   1.043195999999999346
4.3453481858085050149   1.0419360898535594551
4.3538387265360043443   1.0406845812729594858
4.3623215972885036606   1.0394415671463594908
4.3707967733760053619   1.0382071404953594485
4.3792642303125051129   1.0369813944749992629
4.3877239438160042795   1.0357644223737594302
4.3961758898085045999   1.034556317613559262
4.4046200444160046317   1.0333571737497591059
4.4130563839685041927   1.0321670844711592352
4.4214848850000043612   1.030986143599999183
4.4299055242485048112   1.0298144450919595183
4.4383182786560047006   1.0286520830361594037
4.446723125368505336   1.0274991516551592596
4.4551200417360048434   1.0263557453049592105
4.4635090053125043852   1.0252219584749993064
4.4718899938560037199   1.0240978857881593012
4.4802629853285047545   1.0229836220007593184
4.4886279578960053271   1.0218792620025594076
4.4969848899285036481   1.0207849008167593219
4.5053337600000036289   1.0197006335999994064
4.5136745468885042243   1.018626555642359488
4.5220072295760038728   1.0175627623673593192
4.5303317872485049378   1.0165093493319594664
4.5386481992960039378   1.0154664122265593118
4.5469564453125039805   1.0144340468749994955
4.5552565050960041049   1.013412349234559473
4.5635483586485037222   1.0124014153959595141
4.5718319861760043921   1.0114013415833593701
4.5801073680885044936   1.0104122241543593841
4.5883744850000045545   1.009434159599999381
4.5966333177285045863   1.0084672445447595557
4.6048838472960049728   1.0075115757465593624
4.6131260549285046935   1.0065672500967592917
4.6213599220560048764   1.0056343646201595377
4.6295854303125052454   1.004713016474999332
4.6378025615360050082   1.0038033029529593865
4.6460112977685046332   1.0029053214791594506
4.6542116212560040722   1.0020191696121594216
4.6624035144485045379   1.0011449450439595665
4.670586960000004062   1.0002827455999994122
4.6787619407685046014   0.99943266923915974331
4.6869284398160049321   0.99859481405375949414
4.6950864404085042025   0.99776927826955952305
4.7032359260160045977   0.99695616024575950398
4.7113768803125051221   0.99615555847499948072
4.7195092871760051523   0.9953675715833596449
4.727633130688504437   0.99459229833035944779
4.7357483951360048735   0.99382983760895959868
4.7438550650085051785   0.9930802884455594004
4.7519531250000044409   0.99234374999999963585
4.7600425600085047861   0.99162032156555968143
4.7681233551360033829   0.99091010256895950548
4.7761954956885039891   0.99021319257035966821
4.7842589671760036296   0.98952969126335954542
4.7923137553125041421   0.98885969847499954888
4.8003598460160041839   0.98820331416575957206
4.8083972254085045606   0.98756063842955965626
4.8164258798160055619   0.98693177149375954649
4.824445795768504297   0.98631681371915957968
4.8324569600000044645   0.98571586559999979649
4.8404593594485048058   0.98512902776395971927
4.8484529812560044348   0.98455640097215968431
4.8564378127685037256   0.98399808611915950962
4.8644138415360043126   0.98345418423295960508
4.8723810553125037615   0.98292479647499964024
4.8803394420560044509   0.98241002414015965449
4.8882889899285038027   0.98190996865675983507
4.8962296872960049399   0.98142473158655973986
4.9041615227285051404   0.9809544146247597407
4.9120844850000047188   0.98049911959999969113
4.9199985630885043619   0.98005894847435981454
4.9279037461760051286   0.97963400334335970499
4.9358000236485040091   0.97922438643595965946
4.9436873850960045829   0.9788302001145597897
4.9515658203125045844   0.97845154687499968915
4.9594353192960047849   0.97808852934655987621
4.9672958722485045513   0.97774125029195979586
4.975147469576005399   0.97740981260735981806
4.9829901018885047748   0.97709431932235968343
4.9908237600000040501   0.97679487359999972451
4.9986484349285040807   0.97651157873675997756
5.0064641178960052059   0.97624453816255973848
5.0142708003285045848   0.97599385544075989429
5.0220684738560041893   0.9757596342681598145
5.0298571303125028109   0.97554197847499990459
5.0376367617360040541   0.97534099202495994074
5.04540736036850479   0.97515677901515973591
5.0531689186560049265   0.974989443676159806
5.0609214292485056319   0.97483909037195970448
5.0686648850000040056   0.97470582359999990985
5.0763992789685046247   0.97458974799115993815
5.0841246044160044448   0.97449096830975989736
5.0918408548085043464   0.97440958945355982124
5.0995480238160046937   0.97434571645375989135
5.1072461053125044472   0.974299454474999993
5.1149350933760056037   0.97427090881535993727
5.122614982288504315   0.97426018490636001612
5.1302857665360042105   0.9742673883129600032
5.1379474408085048509   0.97429262473356015306
5.1456000000000043926   0.97433599999999986885
5.1532434392085040287   0.97439762007756003381
5.1608777537360044363   0.97447759106496001369
5.1685029390885040002   0.97457601919435998816
5.1761189909760041417   0.97469301083135984065
5.1837259053125039898   0.97482867247500004648
5.1913236782160057103   0.97498311075776000756
5.1989123060085047356   0.97515643244556005076
5.2064917852160057521   0.97534874443776009567
5.2140621125685058246   0.97556015376716009868
5.2216232850000050547   0.97579076760000005297
5.2291752996485048044   0.97604069323595998853
5.2367181538560050313   0.97631003810816008315
5.2442518451685042891   0.97659890978316021837
5.2517763713360041677   0.9769074159609602015
5.2592917303125048534   0.97723566447500020971
5.2667979202560051277   0.97758376329216023493
5.2742949395285032566   0.97795182051276008384
5.281782786696004095   0.97833994437056037707
5.2892614605285039886   0.97874824323276010674
5.2967309600000049841   0.9791768256000001891
5.3041912842885050594   0.97962580010636035599
5.3116424327760043411   0.98009527551936026502
5.3190844050485051042   0.98058536073996016569
5.3265172008960046668   0.9810961648025602333
5.33394082031250516   0.98162779687500023584
5.341355263496003758   0.98218036625856042221
5.3487605308485051125   0.98275398238796007888
5.3561566229760053659   0.9833487548313603055
5.363543540688504585   0.98396479329036035111
5.3709212850000049855   0.98460220760000050078
5.3782898571285038258   0.98526110772876041022
5.3856492584960040659   0.98594160377856043809
5.392999490728505485   0.98664380598476053574
5.4003405556560046819   0.98736782471616035828
5.4076724553125048445   0.98811377047500048576
5.4149951919360033159   0.98888175389696031381
5.4223087679685040285   0.98967188575116060711
5.4296131860560050697   0.9904842769401603908
5.4369084490485048988   0.99131903849996061417
5.4441945600000050121   0.99217628160000048698
5.4514715221685055013   0.99305611754316058803
5.4587393390160041662   0.99395865776576064476
5.4659980142085036192   0.99488401383756031038
5.4732475516160041806   0.99583229746176049613
5.4804879553125047664   0.99680362047500070677
5.4877192295760046648   0.99779809484736059488
5.4949413788885035359   0.998815832682360627
5.5021544079360040769   0.99985694621696064033
5.5093583216085040277   1.0009215478215607309
5.5165531250000050534   1.0020097500000006985
5.52373882340850475   1.0031216653895607127
5.5309154223360037506   1.004257406760960647
5.5380829274885048363   1.0054170870183607445
5.5452413447760049436   1.0066008191993609522
5.5523906803125040454   1.0078087164750009208
5.5595309404160051514   1.0090408921497606709
5.5666621316085045379   1.0102974596615608149
5.5737842606160050707   1.0115785325817607809
5.5808973343685046586   1.0128842246151608109
5.5880013600000051355   1.0142146496000008504
5.5950963448485051543   1.0155699215079607711
5.6021822964560046287   1.0169501544441608143
5.6092592225685056206   1.018355462647160925
5.616327131136004347   1.0197859604889609741
5.6233860303125045021   1.0212417624750009804
5.6304359284560039356   1.0227229832441606661
5.6374768341285044215   1.0242297375687607897
5.6445087560960045536   1.0257621403545609251
5.6515317033285050741   1.0273203066407610162
5.6585456850000053208   1.0289043516000011547
5.6655507104885041159   1.0305143905383611358
5.672546789376004206   1.0321505388953606808
5.6795339314485051574   1.0338129122439612129
5.6865121466960051322   1.0355016262905611946
5.6934814453125053291   1.0372167968750010125
5.7004418376960046544   1.0389585399705609792
5.707393334448504163   1.0407269716839611107
5.7143359463760043937   1.0425222082553611269
5.7212696844885035929   1.0443443660583611177
5.7281945600000048202   1.0461935616000010985
5.7351105843285044017   1.0480699115207612326
5.742017769096005253   1.0499735325945613873
5.7489161261285044446   1.0519045417287613553
5.7558056674560038601   1.0538630559641610773
5.762686405312504867   1.055849192475001308
5.7695583521360056523   1.0578630685689613955
5.7764215205685047749   1.0599048016871612798
5.783275923456004719   1.061974509404161493
5.7901215738485038997   1.0640723094279613825
5.7969584850000046572   1.0661983196000013319
5.8037866703685034864   1.0683526578951614283
5.8106061436160043598   1.0705354424217612408
5.8174169186085054051   1.0727467914215613742
5.8242190094160042335   1.0749868232697616932
5.8310124303125041578   1.077255656475001544
5.8377971957760044219   1.0795534096793615308
5.8445733204885046419   1.0818802016583615178
5.8513408193360039178   1.0842361513209615165
5.8580997074085052745   1.0866213777095614645
5.8648500000000050036   1.0890360000000016694
5.8715917126085033217   1.091480137501561698
5.8783248609360043702   1.0939539096569617094
5.885049460888505557   1.0964574360423617883
5.8917655285760055506   1.0989908363673619451
5.8984730803125051679   1.1015542304750016722
5.9051721326160047099   1.1041477383417619418
5.9118627022085048495   1.1067714800775618755
5.9185448060160039674   1.1094255759257618532
5.9252184611685052573   1.1121101462631619583
5.9318836850000042915   1.114825311600001978
5.938540495048505008   1.1175711925799618474
5.9451889090560046114   1.1203479099801620933
5.9518289449685042314   1.1231555847111618363
5.9584606209360035933   1.1259943378169618988
5.9650839553125036829   1.1288642904750019191
5.9716989666560040817   1.1317655639961623493
5.9783056737285047433   1.1346982798247620128
5.9849040954960051053   1.1376625595385625456
5.9914942511285049775   1.1406585248487621786
5.9980761600000045419   1.1436862976000021774
6.0046498416885052407   1.1467459997703621788
6.0112153159760044474   1.1498377534713619674
6.0177726028485043486   1.1529616809479619199
6.0243217224960039502   1.1561179045785623387
6.0308626953125044068   1.1593065468750025637
6.0373955418960045805   1.1625277304825623048
6.0439202830485037055   1.1657815781799623078
6.0504369397760040528   1.1690682128793623562
6.0569455332885047127   1.1723877576263623812
6.0634460850000033716   1.1757403356000022399
6.0699386165285051931   1.1791260701127623811
6.0764231496960050549   1.1825450846105625136
6.0828997065285044243   1.1859975026727624936
6.0893683092560042525   1.1894834480121625475
6.0958289803125049744   1.1930030444750026053
6.102281742336005621   1.1965564160409627448
6.1087266181685055955   1.2001436868231625255
6.1151636308560046729   1.2037649810681625429
6.121592803648504777   1.2074204231559624301
6.1280141600000046509   1.2111101376000024121
6.1344277235685060745   1.2148342490471624178
6.1408335182160040944   1.2185928822777625236
6.1472315680085056755   1.2223861622055627318
6.1536218972160048324   1.2262142138777625266
6.1600045303125039453   1.2300771624750028721
6.1663794919760039903   1.2339751333113631038
6.1727468070885045393   1.2379082518343629271
6.1791065007360037598   1.2418766436249626395
6.1854585982085055207   1.2458804343975629081
6.1918031250000042931   1.2499197500000029937
6.1981401068085055783   1.253994716413563193
6.2044695695360054799   1.2581054597529628403
6.2107915392885049144   1.2622521062663634162
6.2171060423760042823   1.2664347823353629963
6.2234131053125043564   1.2706536144750031347
6.2297127548160045052   1.2749087293337633131
6.2360050178085044692   1.2792002536935633827
6.2422899214160052495   1.2835283144697633428
6.2485674929685046664   1.2878930387111633404
6.2548377600000044652   1.2922945536000032263
6.2611007502485049869   1.296732986451963443
6.2673564916560042803   1.301208464716163471
6.2736050123685052071   1.3057211159751631602
6.2798463407360038957   1.3102710679449636189
6.2860805053125057285   1.3148584484750036605
6.2923075348560058018   1.3194833855481638007
6.2985274583285049133   1.3241460072807635928
6.3047403048960051208   1.3288464419225636259
6.3109461039285044137   1.3335848178567633049
6.3171448850000047059   1.3383612636000039586
6.3233366778885056192   1.3431759078023635112
6.3295215125760053709   1.3480288792473638093
6.3356994192485043271   1.3529203068519635167
6.3418704282960041141   1.3578503196665638875
6.3480345703125049539   1.3628190468750038811
6.3541918760960047763   1.367826617794563715
6.3603423766485054358   1.3728731618759637545
6.3664861031760038301   1.3779588087033638466
6.3726230870885043345   1.3830836879943637641
6.3787533600000045908   1.3882479296000038715
6.3848769537285043896   1.3934516635047640154
6.3909939002960056698   1.3986950198265641898
6.3971042319285054134   1.4039781288167640927
6.4032079810560045274   1.4093011208601640138
6.4093051803125034027   1.4146641264750039468
6.4153958625360045787   1.4200672763129644771
6.4214800607685047495   1.4255107011591638955
6.4275578082560036464   1.4309945319321641932
6.433629138448504925   1.4365188996839644009
6.4396940850000037315   1.4420839356000041409
6.4457526817685044662   1.4476897709991645158
6.4518049628160039077   1.4533365373337643334
6.457850962408504536   1.4590243661895645477
6.4638907150160038739   1.4647533892857642623
6.4699242553125042576   1.4705237384750045049
6.4759516181760048426   1.4763355457433646745
6.4819728386885051563   1.4821889432103645401
6.4879879521360050987   1.4880840631289646847
6.4939969940085058298   1.4940210378855647289
